%YAML:1.0
# General sensor definitions.
camera_id: left_cam

# Sensor extrinsics wrt. the body-frame
T_BS:
  cols: 4
  rows: 4
  data: [ 0.99985436, -0.00116148, -0.0170267 , -0.11655291,
          0.01702167, -0.0042153 ,  0.99984624,  0.01614558,
         -0.00123307, -0.99999044, -0.00419492,  0.07950961,
          0.        ,  0.        ,  0.        ,  1.        ]

# Camera specific definitions
rate_hz: 20
resolution: [1600, 1100]  # [width, height]
camera_model: pinhole
intrinsics: [940.862825677534, 938.554923506332, 799.1626975233576, 559.295406893583]
distortion_model: radtan
distortion_coefficients: [-0.1008504099655989, 0.08905706623788286, 0.0007516966627205781, -0.0011958374307601393]